249401152
248132718
244126329
163415324
238259538
236780315
236246423
234489335
225858108
224021331
220815455
219414990
203822011
204080242
203420953
214635219
213372204
210755998
209128123
207124049
153330174
201938027
199054629
142454308
169338283
147141422
157306339
155735348
151305762
139402347
149610906
144036095
139993017
137541559
137865796
137095063
132886879
126093850
119354180
118454070
118142113
116609790
116428440
115376512
103646097
34741948
98235762
83124648
80467612
76469958
77571590
74182180
73623520
73215842
71136324
42217958
40608552
38086364
38072364
36379290
35836640
35402322
33565618
33292982
32045424
31882400
31385374
31560432
30992050
30327818
30081360
21934344
16074797